# workspace_limits: the range of workspace
workspace_limits: [-0.50, 0.50, 0.25, 0.80, 0.30, 0.75]
# home_pose: [0.0, 0.0, 1.0, 0.0, 1.0, 0.0, 0.0]
home_pose: [0.413,0.02,0.42, -0.479,0.502,-0.478,0.538]

work_start_pose: [0.5,0.02,0.4, -0.479,0.502,-0.478,0.538]

pose1: [0.7208661429, 0.00311360413371, 0.453220898188, -0.53600689079, 0.579518736963, -0.369751216853, 0.490039472053]
pose2: [0.689, 0.000, 0.532, -0.571, 0.642, -0.294, 0.419]
pose3: [0.729, 0.003, 0.486, -0.558, 0.606, -0.341, 0.454]

grasp_pose: [0.5, 0.0, 0.135, 0.0, 1.0, 0.0, 0.0]
